Epoch/Time it took (s)/Loss/Validation energy (%)/Validation distance (%)
1;184.077;	0.788838;		0.7391
2;181.868;	0.674066;		0.8723
3;182.842;	0.657887;		0.7361
4;182.247;	0.650182;		0.9358
5;181.692;	0.638120;		0.7254
6;182.123;	0.630186;		0.6548
7;183.241;	0.624316;		0.6899
8;182.296;	0.623460;		0.6701
9;183.069;	0.620742;		0.6212
10;182.072;	0.615757;		0.6924
11;180.073;	0.591047;		0.5973
12;181.718;	0.577138;		0.6397
13;182.058;	0.570961;		0.6105
14;182.858;	0.567820;		0.6446
15;181.023;	0.563669;		0.6015
16;182.609;	0.557688;		0.6615
17;185.014;	0.554564;		0.6283
18;183.611;	0.551243;		0.6370
19;182.940;	0.546057;		0.6143
Epoch/Time it took (s)/Loss/Validation energy (%)/Validation distance (%)
1;181.949;	0.845019;		0.7688
2;179.937;	0.675479;		0.6901
3;182.169;	0.618587;		0.6481
4;182.512;	0.602909;		0.6298
5;181.654;	0.592577;		0.5941
6;181.617;	0.588973;		0.8128
7;182.599;	0.595289;		0.6645
8;182.251;	0.579419;		1.0043
9;182.248;	0.578427;		0.7024
10;183.416;	0.571622;		0.6715
11;179.684;	0.546502;		0.6016
12;178.379;	0.526396;		0.5545
13;179.543;	0.517567;		0.6036
14;179.256;	0.507489;		0.5878
15;178.971;	0.498299;		0.5690
16;178.974;	0.490026;		0.5831
17;178.794;	0.480592;		0.7451
18;177.968;	0.471720;		0.5864
19;178.133;	0.463844;		0.5523
Epoch/Time it took (s)/Loss/Validation energy (%)/Validation distance (%)
1;172.919;	0.798060;		0.7605
2;173.166;	0.658753;		0.6684
3;173.207;	0.625732;		0.7036
4;179.816;	0.618933;		0.6753
5;179.426;	0.607985;		1.0174
6;176.981;	0.608027;		0.6411
7;177.453;	0.604166;		0.6514
8;175.825;	0.599596;		1.2262
9;175.946;	0.593343;		0.6580
10;180.255;	0.591607;		0.7606
11;176.565;	0.563523;		0.6060
12;175.622;	0.546699;		0.5769
13;176.328;	0.541834;		0.6051
14;178.593;	0.532909;		0.8493
15;176.830;	0.525955;		0.6056
16;175.396;	0.523078;		0.6041
17;176.841;	0.514579;		0.5696
18;176.086;	0.510930;		0.5633
19;177.932;	0.502526;		0.7762
20;175.770;	0.498953;		0.5766
Epoch/Time it took (s)/Loss/Validation energy (%)/Validation distance (%)
1;179.139;	0.816573;		0.7958
2;178.515;	0.651283;		0.7148
3;178.895;	0.627097;		0.6426
4;178.738;	0.615419;		0.6202
5;177.669;	0.610738;		0.6971
6;177.958;	0.601067;		0.6969
7;179.344;	0.604518;		0.8465
8;178.350;	0.599462;		0.6337
9;178.795;	0.594565;		0.6678
10;179.410;	0.589306;		0.6338
11;177.180;	0.562147;		0.5810
12;180.322;	0.546090;		0.6703
13;180.123;	0.537106;		0.6553
14;180.160;	0.533094;		0.5875
15;180.012;	0.524944;		0.5876
16;180.304;	0.516646;		0.5860
17;181.434;	0.511350;		0.5726
18;178.942;	0.505253;		0.7117
19;180.327;	0.497579;		0.5752
20;176.449;	0.490089;		0.5652
Epoch/Time it took (s)/Loss/Validation energy (%)/Validation distance (%)
1;178.509;	0.791641;		1.0773
2;179.847;	0.651000;		0.6440
3;181.026;	0.623648;		0.6887
4;180.506;	0.618750;		0.7857
5;180.319;	0.613045;		0.6833
6;179.865;	0.609718;		1.0159
7;180.007;	0.600823;		0.8020
8;179.260;	0.599428;		0.6240
9;179.700;	0.597114;		1.0823
10;179.988;	0.585753;		0.7446
11;178.570;	0.555784;		0.5924
12;179.627;	0.542279;		0.5808
13;180.456;	0.532108;		0.5767
14;180.494;	0.523816;		0.6459
15;178.932;	0.515056;		0.5977
16;179.246;	0.508772;		0.5471
17;180.427;	0.498556;		0.5963
18;179.539;	0.491750;		0.5538
19;180.895;	0.483495;		0.5447
20;179.887;	0.477958;		0.5682
