Epoch/Time it took (s)/Loss/Validation energy (%)/Validation distance (%)
1;556.809;	0.842266;		1.0355
2;551.601;	0.842440;		1.0571
3;553.626;	0.842344;		1.0585
4;569.045;	0.842511;		1.0520
5;573.013;	0.842484;		1.0506
6;576.456;	0.842500;		1.0498
7;560.327;	0.842494;		1.0537
8;554.298;	0.842456;		1.0301
9;565.003;	0.842560;		1.0365
10;556.719;	0.842477;		1.0490
11;555.332;	0.842416;		1.0465
12;555.030;	0.842521;		1.0597
13;570.473;	0.842366;		1.0356
14;571.571;	0.842448;		1.0547
15;569.712;	0.842486;		1.0380
16;576.252;	0.842331;		1.0609
17;566.848;	0.842456;		1.0600
18;561.507;	0.842493;		1.0565
19;572.975;	0.842456;		1.0597
20;573.430;	0.842528;		1.0512
21;576.187;	0.842390;		1.0509
22;574.330;	0.842559;		1.0586
23;575.463;	0.842457;		1.0409
24;570.957;	0.842458;		1.0821
25;569.347;	0.842575;		1.0440
26;574.799;	0.842339;		1.0296
27;572.728;	0.842433;		1.0432
28;571.611;	0.842408;		1.0526
29;568.305;	0.842586;		1.0530
30;568.431;	0.842501;		1.0683
31;556.542;	0.842248;		1.0543
32;558.190;	0.842411;		1.0566
33;555.154;	0.842394;		1.0674
34;563.014;	0.842322;		1.0363
35;570.932;	0.842374;		1.0630
36;575.825;	0.842479;		1.0596
37;573.402;	0.842435;		1.0745
38;573.929;	0.842236;		1.0515
39;572.262;	0.842375;		1.0457
40;571.279;	0.842541;		1.0593
Epoch/Time it took (s)/Loss/Validation energy (%)/Validation distance (%)
Epoch/Time it took (s)/Loss/Validation energy (%)/Validation distance (%)
Epoch/Time it took (s)/Loss/Validation energy (%)/Validation distance (%)
Epoch/Time it took (s)/Loss/Validation energy (%)/Validation distance (%)
Epoch/Time it took (s)/Loss/Validation energy (%)/Validation distance (%)
1;571.184;	0.004434;		0.0062
2;569.202;	0.002079;		0.0703
3;572.615;	0.001910;		0.0032
4;572.640;	0.001721;		0.9019
5;557.143;	0.001665;		0.0054
6;578.212;	0.001675;		0.0185
7;565.665;	0.001647;		0.0311
8;570.903;	0.001628;		0.0024
9;563.154;	0.001626;		0.0107
10;567.805;	0.001673;		0.1133
11;570.547;	0.001458;		0.0764
12;574.460;	0.001403;		0.0351
13;571.850;	0.001391;		0.2518
14;576.252;	0.001366;		0.0491
15;568.854;	0.001369;		0.0634
16;563.631;	0.001373;		0.0109
17;557.587;	0.001359;		0.0043
18;563.676;	0.001352;		0.0228
19;560.757;	0.001362;		0.0077
20;564.934;	0.001355;		0.0156
21;569.407;	0.001338;		0.0215
22;578.135;	0.001342;		0.0017
23;570.826;	0.001319;		0.0022
Epoch/Time it took (s)/Loss/Validation energy (%)/Validation distance (%)
Epoch/Time it took (s)/Loss/Validation energy (%)/Validation distance (%)
1;564.011;	0.006541;		0.0180
2;572.824;	0.002045;		0.0071
3;570.944;	0.001954;		0.0472
4;571.568;	0.001733;		0.0329
5;570.462;	0.001659;		0.0604
6;572.888;	0.001692;		0.0030
7;568.220;	0.001660;		0.0082
8;569.300;	0.001635;		0.2486
9;560.866;	0.001645;		0.0297
10;568.001;	0.001650;		0.0205
11;566.647;	0.001449;		0.0364
12;574.159;	0.001407;		0.0305
13;567.393;	0.001407;		0.0290
14;567.872;	0.001381;		0.0046
15;563.643;	0.001380;		0.0033
16;558.651;	0.001373;		0.0240
17;567.997;	0.001363;		0.0139
18;565.349;	0.001364;		0.0097
19;559.206;	0.001366;		0.0163
20;555.310;	0.001357;		0.0030
21;557.311;	0.001343;		0.0035
22;563.456;	0.001331;		0.0063
23;562.346;	0.001318;		0.0024
24;563.805;	0.001315;		0.0014
25;572.787;	0.001315;		0.0050
26;573.283;	0.001320;		0.0255
27;556.722;	0.001325;		0.0019
28;561.191;	0.001305;		0.0053
29;569.669;	0.001312;		0.0083
30;563.558;	0.001309;		0.0021
31;566.004;	0.001293;		0.0021
32;574.296;	0.001290;		0.0013
33;566.718;	0.001288;		0.0025
34;558.934;	0.001288;		0.0015
35;565.864;	0.001293;		0.0014
36;572.717;	0.001288;		0.0074
37;574.045;	0.001286;		0.0049
38;569.847;	0.001289;		0.0018
39;560.506;	0.001294;		0.0014
40;563.112;	0.001289;		0.0014
